VQModel loaded from /work1/deming/shared/lumina/Chameleon_7B_mGPT/original_tokenizers/vqgan.ckpt
tensor([33], device='cuda:0')
generate time=214.891907453537 seconds

[8197, 8828, 8828, 7873, 1337, 4503, 269, 3022, 7428, 7075, 3631, 935, 5639, 6564, 6051, 5333, 7895, 1067, 1533, 5535, 7384, 2365, 554, 6969, 5066, 7525, 799, 2513, 2513, 3190, 12, 1105, 4804, 7051, 2240, 2455, 2084, 7051, 3611, 3256, 2641, 4804, 4627, 4804, 2173, 7902, 5510, 3661, 5510, 4804]
[6271, 186, 7044, 4785, 743, 8803, 2371, 6066, 8140, 790, 4725, 4768, 6614, 6962, 1213, 1541, 1198, 4784, 8065, 7414, 973, 2460, 4610, 2126, 1215, 6143, 3237, 768, 4615, 6080, 7748, 714, 1659, 4970, 6091, 7252, 1724, 2466, 4986, 3656, 7402, 7252, 6405, 6111, 1858, 7307, 1930, 2730, 6777, 3291, 2681, 1354, 7996, 7299]
8197
8196
generated_tokens:  2354
generated_image:  0
